De inlästa talen osorterade
967  834 1000 1669 2224 1978 -142 1462-1036  205
-1355 1781 -673  461-1009 1495 2442 -673  -64-1109
 1104 2402-1347-1208-1118  -79 1216 2218 2395  -53
  226 1271 2038  369 2412  167  799 -465  394 -797
 2311 1822  833  173 -836 1641 2211-1247 1368   47
 2144 -838 -743-1463 -641 -777  241 2029 -722-1184
 1535  690  342-1212  606 -460 -558 1764 1148 1946
 2305 2390 1229-1130 1850 1506 1601-1107 2048 2129
 -877-1416 2454 1256 2340 -534 1876  431  808 -556
-1061 -874 1823   37   38-1382  582 1429 -959 -667
 1615 -861  158 1204  430  477  806 2173  886 -479
 -755 1424 1572  770  329 1277 2073 -403 -988 2486
 -210 -339 1136  855 -733 2155 2074-1469-1448 1850
 -350 -559  224  466 1930 1607  691  507 1837 1957
-1213 2253  883 1445 -591-1291  258-1279 1088  922
 -554 2006 -470-1087 -332 -600 -909 1262  155  -90
  859 2124 -963   48  983 2095-1459 2102-1150  791
 1336 -126 1520 -904-1479 1848 1699 2168-1016-1219
 -766-1447  499  918 2438 1400 2288  627-1033 2228
 1393 -852  983  307  921  810 1117 1313   14  809
 2116 1435  -49 -900 -251 -981 2056 1298  803  724
 1508  344 -891 1489 -798 1695-1015 1593  843 1023
   87 -186    3 1948 -300  -42 1118 -920 2296 1298
 1781 2089 -702-1491 1657-1028 2122 1038-1208  538
-1321  690  157 2458  691 2315 1388 1656 2011-1298
 1134-1228-1445-1172 1146  862 -614 1375-1067  369
-1358 2344  -84  381 2498  822 1151  521  199 2057
-1024 2392-1111 -425 1212 1100 1010 -497 1369  361
 1188  -99  289 1755-1077 -498 1085-1318  785 1588
 1926 -883 2257  332 1432-1331  654  221 -311 2476
 1829  868 -808  -75 1055 1934 -951 1941   12  645
  560  218 2253-1361-1077-1221  496 -813 -971 1049
  -63 2366 -551-1307 1695 1797-1084-1214-1395-1012
-1218-1045  234  614 2201 1816 -829  286-1237-1187
-1145 1685-1447 -588 1308  332 -555-1187 2256-1179
 2058 2146 2482-1019-1356 1696-1278 1629  661   35
-1050 1673  966-1456  159  792  939 -247-1476  654
   10 -755 -851 -314-1187-1026-1478  668  518 1287
  405  458 1891  702 2125  977-1086 -186  324 -166
  374-1128-1341 2333-1430 1987-1203 2018-1323  273
-1230  263 1168 -308  485 1602-1020 -287 2127 -698
-1401 1027 1125   43  424 1523  472 -439  681 1503
 1932    5 2093 1225 -469-1008-1358 -278 1786 -436
 2400 1687-1140  913 1474  770 -330-1265 1333 2211
  260 1396 -833 1785 -950-1360  194 1195  124-1481
  625 1076  194 1158  802 -129  966 -822 1093 2351
  -16 -482-1036 -381 1652 1300  587 1560  426 -490
 -743-1330-1185   76  727-1457 1258 1664 -391 2382
 -414   65 1987   77  974 1125  127  129 2428  -77
 -980 1402 1462-1377 -904 2237 -239  695 -975 -236
-1240  702-1384 -470-1174 -489 1271  911   47 -347
   20  290 1424  688  263 -560 -649 1162  329 1400
  213 1458   78-1135 -493 1977 -300  558  939  803
 -740 1857  824  977 -392 -387 1387 2301 1350  960
  928 -507 1884 1905 1040 1611 -796 -665-1144  572
 -150 1323  985 -944 1716  126 -143 -974 -143 -163
 1771 2369 -139 -604 -478  117  612 -783 1196 2085
-1459-1077-1371-1271 -935 1059 -568  796  355-1447
 -538 2084  234 1154 -528  -43  869 1032 1463 1107
  983 -589 2135  567 1348 -825 -562  723  642 2254
 1011 1241-1325  -41  325 1721  370  126 2434 1705
 2283 2350 -102  779 1201-1307 -766  137 1034   56
  493  676  205 1462 1048 2381-1200  913 -859 2355
 -645 -358 1962 2111 1377-1076 -822  252  943-1204
 -827  540 -187 -625-1428 -682 -890 -483 1432-1388
 1195 -331 2331-1460  988 -815 1590 1997 1089  490
 1645 1853 1814 1151 1240  544 1758-1165 -741 1692
 2105 -236-1319 -997 2329 2275 -892 -208  497   49
   56   61 2127  967   41  629 1740 2313 -326 -899
  577-1285 -817-1287 2492  324  101 1892 2259 1170
  928-1473-1416  575 1286 1998 -530  787 2347 -896
 -997 -279 1163  206  863 -490  671 1989  740-1336
   42 2119 -587 2091 1204 2318 -268 -750 -295 -525
   39-1197 1922 -402 1747   84  148 1471  364 1413
 1575   45 -788   46 1178  269 1762 -981  485-1211
 2444 1365 1040 1745    8-1182 2370  101-1177 -368
-1028 1652 -413 -930  263  401 -397  923 2027 2100
 1469  515   65-1472   43 -153  588 1443 -863  909
  963 -451 -819   88 1842 -892-1440 -279  258  454
 -612  646 -810 2449 -657  -70  120 -752 1567 -964
 -717  535-1274 1685 1538  353  129 1724 2248 2423
 1859-1243 -734 -556 1455 1818 -774  -89 -475-1145
 1501 1049   -4 1084   15  464 1842-1425  413-1358
 1696  448 -428-1074 1106  673-1071-1096 1205 -874
  312

De inlästa talen sorterade
-1491-1481-1479-1478-1476-1473-1472-1469-1463-1460
-1459-1459-1457-1456-1448-1447-1447-1447-1445-1440
-1430-1428-1425-1416-1416-1401-1395-1388-1384-1382
-1377-1371-1361-1360-1358-1358-1358-1356-1355-1347
-1341-1336-1331-1330-1325-1323-1321-1319-1318-1307
-1307-1298-1291-1287-1285-1279-1278-1274-1271-1265
-1247-1243-1240-1237-1230-1228-1221-1219-1218-1214
-1213-1212-1211-1208-1208-1204-1203-1200-1197-1187
-1187-1187-1185-1184-1182-1179-1177-1174-1172-1165
-1150-1145-1145-1144-1140-1135-1130-1128-1118-1111
-1109-1107-1096-1087-1086-1084-1077-1077-1077-1076
-1074-1071-1067-1061-1050-1045-1036-1036-1033-1028
-1028-1026-1024-1020-1019-1016-1015-1012-1009-1008
 -997 -997 -988 -981 -981 -980 -975 -974 -971 -964
 -963 -959 -951 -950 -944 -935 -930 -920 -909 -904
 -904 -900 -899 -896 -892 -892 -891 -890 -883 -877
 -874 -874 -863 -861 -859 -852 -851 -838 -836 -833
 -829 -827 -825 -822 -822 -819 -817 -815 -813 -810
 -808 -798 -797 -796 -788 -783 -777 -774 -766 -766
 -755 -755 -752 -750 -743 -743 -741 -740 -734 -733
 -722 -717 -702 -698 -682 -673 -673 -667 -665 -657
 -649 -645 -641 -625 -614 -612 -604 -600 -591 -589
 -588 -587 -568 -562 -560 -559 -558 -556 -556 -555
 -554 -551 -538 -534 -530 -528 -525 -507 -498 -497
 -493 -490 -490 -489 -483 -482 -479 -478 -475 -470
 -470 -469 -465 -460 -451 -439 -436 -428 -425 -414
 -413 -403 -402 -397 -392 -391 -387 -381 -368 -358
 -350 -347 -339 -332 -331 -330 -326 -314 -311 -308
 -300 -300 -295 -287 -279 -279 -278 -268 -251 -247
 -239 -236 -236 -210 -208 -187 -186 -186 -166 -163
 -153 -150 -143 -143 -142 -139 -129 -126 -102  -99
  -90  -89  -84  -79  -77  -75  -70  -64  -63  -53
  -49  -43  -42  -41  -16   -4    3    5    8   10
   12   14   15   20   35   37   38   39   41   42
   43   43   45   46   47   47   48   49   56   56
   61   65   65   76   77   78   84   87   88  101
  101  117  120  124  126  126  127  129  129  137
  148  155  157  158  159  167  173  194  194  199
  205  205  206  213  218  221  224  226  234  234
  241  252  258  258  260  263  263  263  269  273
  286  289  290  307  312  324  324  325  329  329
  332  332  342  344  353  355  361  364  369  369
  370  374  381  394  401  405  413  424  426  430
  431  448  454  458  461  464  466  472  477  485
  485  490  493  496  497  499  507  515  518  521
  535  538  540  544  558  560  567  572  575  577
  582  587  588  606  612  614  625  627  629  642
  645  646  654  654  661  668  671  673  676  681
  688  690  690  691  691  695  702  702  723  724
  727  740  770  770  779  785  787  791  792  796
  799  802  803  803  806  808  809  810  822  824
  833  834  843  855  859  862  863  868  869  883
  886  909  911  913  913  918  921  922  923  928
  928  939  939  943  960  963  966  966  967  967
  974  977  977  983  983  983  985  988 1000 1010
 1011 1023 1027 1032 1034 1038 1040 1040 1048 1049
 1049 1055 1059 1076 1084 1085 1088 1089 1093 1100
 1104 1106 1107 1117 1118 1125 1125 1134 1136 1146
 1148 1151 1151 1154 1158 1162 1163 1168 1170 1178
 1188 1195 1195 1196 1201 1204 1204 1205 1212 1216
 1225 1229 1240 1241 1256 1258 1262 1271 1271 1277
 1286 1287 1298 1298 1300 1308 1313 1323 1333 1336
 1348 1350 1365 1368 1369 1375 1377 1387 1388 1393
 1396 1400 1400 1402 1413 1424 1424 1429 1432 1432
 1435 1443 1445 1455 1458 1462 1462 1462 1463 1469
 1471 1474 1489 1495 1501 1503 1506 1508 1520 1523
 1535 1538 1560 1567 1572 1575 1588 1590 1593 1601
 1602 1607 1611 1615 1629 1641 1645 1652 1652 1656
 1657 1664 1669 1673 1685 1685 1687 1692 1695 1695
 1696 1696 1699 1705 1716 1721 1724 1740 1745 1747
 1755 1758 1762 1764 1771 1781 1781 1785 1786 1797
 1814 1816 1818 1822 1823 1829 1837 1842 1842 1848
 1850 1850 1853 1857 1859 1876 1884 1891 1892 1905
 1922 1926 1930 1932 1934 1941 1946 1948 1957 1962
 1977 1978 1987 1987 1989 1997 1998 2006 2011 2018
 2027 2029 2038 2048 2056 2057 2058 2073 2074 2084
 2085 2089 2091 2093 2095 2100 2102 2105 2111 2116
 2119 2122 2124 2125 2127 2127 2129 2135 2144 2146
 2155 2168 2173 2201 2211 2211 2218 2224 2228 2237
 2248 2253 2253 2254 2256 2257 2259 2275 2283 2288
 2296 2301 2305 2311 2313 2315 2318 2329 2331 2333
 2340 2344 2347 2350 2351 2355 2366 2369 2370 2381
 2382 2390 2392 2395 2400 2402 2412 2423 2428 2434
 2438 2442 2444 2449 2454 2458 2476 2482 2486 2492
 2498

Max-värdet = 2498 och min-värdet = -1491
Medelvärdet = 407.468.
Medianvärdet = 370.
